Parameters: 
box_length	50
n_particles	300
n_eqil_steps	10
n_sim_steps	10
radius_l	0.3
lower_radius_frac	0.5
radius_u	1.7
speed_l	1.0
speed_u	2.0
mass_dependent	True
poly_disperse	True
density	1.0
charge_density	1

radii,masses,position(x),position(y),position(z),velocity(x),velocity(y),velocity(z),initial high e,final high e,final low e,charge
1.2352215869843712,7.894474530461499,48.191883507189885,22.361415136853537,36.18509986270574,0.18354722326577613,-1.0608325853901828,0.07824154912493993,19.0,19.0,0.0,0.0
1.243005619174651,8.0446635440424,21.372355851772035,16.286769637289954,1.3063168497687483,1.2616465444754137,-0.5282577215004197,-1.3451407728558278,19.0,19.0,0.0,0.0
0.6551014713023423,1.1776448407162254,48.15012656576484,20.96446540615296,0.1533238456790792,-0.5090943200788788,-1.162045898650355,0.9162535261644663,5.0,5.0,0.0,0.0
1.6683409925495503,19.451050976442477,42.15849899848432,27.612396168560444,18.18099671187918,-1.2498635219682643,1.0512535279953712,-0.40156726965644224,34.0,34.0,0.0,0.0
0.7315357792928714,1.6398167795739051,31.642817989631315,46.0786455473487,21.661332405852715,-1.342925232120911,0.33799471478748894,0.46261608354036865,6.0,6.0,0.0,0.0
1.126363694401179,5.985832226612232,44.90888236446916,44.03318299967923,41.99385764565274,-0.5197282194021612,1.4569655665857975,0.4364807450692039,15.0,15.0,0.0,0.0
0.41271018808276316,0.2944585567081409,49.891062781166674,25.825269774868133,46.44516451640356,-0.12927513654374886,-1.422159759969899,-0.5827134414327705,2.0,2.0,0.0,0.0
0.8264138231674745,2.3641842944949545,4.089643118695983,9.504066493278705,16.674613816928936,-0.9190990794334314,-1.0333081883614315,0.05277635437569776,8.0,8.0,0.0,0.0
0.5845671907097418,0.8367426748365667,16.206890088907215,8.505811038701722,4.097516296502473,-1.0227291767495015,0.1274934404409076,0.4493042267263295,4.0,3.0,1.0,0.0
1.6136358379450568,17.599697428407964,22.339900493200375,24.905583242293712,36.67072431416309,0.14400528139922825,-0.9330830238568892,0.6902039006905246,32.0,31.0,1.0,0.0
0.7253591104117021,1.5986294879325227,17.826783676423126,40.1794795895022,26.057214148426624,0.08054771267875369,-1.5017451349174382,-1.0838555847694924,6.0,6.0,0.0,0.0
0.9633187397265643,3.744541393429712,2.609112403206562,12.699101164324968,4.5856291092149135,0.1302190974696139,-1.2137423515742602,1.0934136320296444,11.0,11.0,0.0,0.0
1.140276750297605,6.210397772212562,2.5409626586136977,9.031718573724737,15.188932911497822,1.0228929360703847,-0.9504741817279166,0.9900340459109105,16.0,16.0,0.0,0.0
0.5898303325333363,0.85954757138467,27.16569505005587,32.767572042470746,5.116126815282222,0.5551659591383785,-0.9009058460419728,-0.620917168531315,4.0,4.0,0.0,0.0
0.8278618290119968,2.376633339987593,41.94778582223349,49.239493122386705,20.6869074787984,-1.3719611596949146,-0.9190789147604763,1.1064256710075555,8.0,8.0,0.0,0.0
1.3546355304806015,10.41252354968673,31.762781726595332,29.224183098724787,32.18554651232514,1.3383943915493695,0.3674655941514167,0.8871581191906527,23.0,23.0,0.0,0.0
0.6240542296776381,1.0180183410744956,19.97363105002283,37.18691832466498,38.93837645305787,-1.280148480908699,-0.26785918513268986,0.9580355228994433,4.0,4.0,0.0,0.0
1.3233523439639079,9.70767173309914,27.085764247499778,40.915282284119066,3.080526070894441,-1.2998459755228695,1.3221092711912865,0.06683974252258269,22.0,22.0,0.0,0.0
0.5205367491566156,0.590803141332577,6.219561149703062,41.923852433569344,3.5181794477024946,-0.2305949065518528,1.1637889646386512,0.9862417739189883,3.0,3.0,0.0,0.0
0.3414329523485471,0.1667266060065425,3.1685837932498804,29.703111732742904,5.131209259211114,0.6036354583045074,0.15890646204208314,0.8174606372809161,1.0,1.0,0.0,0.0
1.284134272090329,8.869924438725558,24.498906130270377,22.27281900004209,35.7583760431647,0.8594167580309884,-0.9892660304610307,-1.003522870957406,20.0,20.0,0.0,0.0
0.501054220895239,0.5269176961429469,30.24931564370638,34.62882442414999,13.859771525791686,0.8276572946640719,0.2961808691757611,1.6774047396817588,3.0,3.0,0.0,0.0
1.238134678859795,7.950460294580993,24.052460305633176,3.3457629745340136,43.244134438237154,-0.6054347901057566,-0.006893280005022401,0.011100502782884034,19.0,18.0,1.0,0.0
0.45156957330920794,0.38571153229557903,36.6554154527028,21.596146344793393,48.867892988134244,1.080144069301525,-0.3653912399690451,-0.5989587612096571,2.0,2.0,0.0,0.0
0.3305946108463908,0.15134773237642407,21.633103797951403,7.362346718952237,17.43139292574967,1.040718967959151,-0.011246263225945591,1.2891884479518851,1.0,1.0,0.0,0.0
0.46311494636028433,0.4160590773293754,43.06329172814641,16.150166523191388,22.324221046542345,1.4446650354173547,0.012772710463027992,0.683595432671803,2.0,2.0,0.0,0.0
0.9519235013370466,3.613222916916666,46.070147314227945,21.811394437497068,39.67169447030164,-1.0401230519231952,1.348604729347823,0.564867586085798,11.0,11.0,0.0,0.0
0.3140388716311226,0.12972952681115033,29.51141023270668,17.83295789224166,12.96204873776329,-1.102235389977524,1.0014014255391648,-1.2084106037228157,1.0,1.0,0.0,0.0
0.5037826877191486,0.5355725706470872,9.866309124015975,20.084479163159333,31.363999888785134,-0.8619591258574842,-1.202816725779423,-1.0531630270773626,3.0,3.0,0.0,0.0
1.4485881692675842,12.73278515680233,29.26361657719173,49.52376530934948,37.43053428889507,-0.6085355478359363,0.3048321312694927,-0.7537504773123329,26.0,26.0,0.0,0.0
1.236440615576039,7.91787055306698,13.3636393443016,9.352541739607213,5.216131091987899,0.9070535106793072,-0.4345678638379218,1.2478850716470065,19.0,19.0,0.0,0.0
0.6574639225016761,1.1904314409479118,15.94863892335455,43.39436802839519,20.021343927927052,-0.831146876264481,-0.10593745269110111,0.9924366000163101,5.0,5.0,0.0,0.0
1.359490188103837,10.524872459632489,42.471186329291584,5.333298195487116,12.191407993094005,-1.3602811742319914,-0.03204000494897524,-0.21208184822684054,23.0,23.0,0.0,0.0
1.2237087377128706,7.675784839522955,44.78432508380015,24.0999874302904,29.34816000326872,0.875597048450263,-0.06568382012450719,0.8246795418098886,18.0,18.0,0.0,0.0
0.33441382590642055,0.1566539257370488,14.491244363810631,7.626484528637084,32.81891784637659,0.3986716740903577,-0.6000525494555771,-0.8280421680130232,1.0,1.0,0.0,0.0
1.246096028706377,8.104815727329877,31.442041087149015,41.65730327913557,21.682561721272073,0.8314464349700159,-0.02751934501601067,0.8637145847508954,19.0,19.0,0.0,0.0
0.5777364107581113,0.8077515988201419,22.84452746594519,22.660035581218,24.279971938199616,0.05629692092936038,1.4125558932332716,0.8146675419478575,4.0,4.0,0.0,0.0
0.6052741138883198,0.9288485576671326,21.81610049739031,0.32761662941344083,14.955506296468972,-0.714522060635455,-0.8858051717034705,1.1286593745631055,4.0,4.0,0.0,0.0
0.9082878078485279,3.1387668927519496,40.505296960829455,45.47669364754172,21.28874325494876,-0.3516887908483447,0.5169976787118694,0.7958070638311852,10.0,10.0,0.0,0.0
1.644028818189698,18.613021858439634,13.787866658533364,21.72574346048187,7.853185284408248,0.3922934585944256,-0.7473659226487613,1.7454126839231592,33.0,33.0,0.0,0.0
1.2597760330471044,8.37468796530118,31.594876002001538,29.765716258589496,4.116138582111415,0.7888806740811863,-1.0868757183140976,-1.3063670138400254,19.0,19.0,0.0,0.0
0.8218174870401347,2.32495602962202,17.292539067424165,11.631631715903335,44.10910827353992,-1.1211444686412273,0.1901097789740184,-1.5854670548070169,8.0,8.0,0.0,0.0
1.2018657528437011,7.272043861887731,42.4649484672683,37.902872165225304,28.019842900981637,-0.6407790313308707,-0.7663706020921501,0.3903038162042148,18.0,18.0,0.0,0.0
1.249181075756778,8.165161860848272,30.656568664802254,10.106534854253221,38.75240008903638,0.09620322007121769,-0.24165889290435835,-1.8912612112497502,19.0,19.0,0.0,0.0
1.2155563393069027,7.523395396696648,5.882713650794,1.92215206244161,48.63218263496322,-1.4413866757828875,0.7584357970505952,-0.1057068223030537,18.0,18.0,0.0,0.0
1.292802207522114,9.050756155399695,1.8000972289493486,22.913624720062007,49.59536694015558,0.7330008089726243,0.7511266503022319,0.3997008609259988,21.0,21.0,0.0,0.0
1.2520703111768086,8.221948698081293,38.622525856582946,40.23802390902587,31.95339655622281,0.571986900649519,1.0833488119375165,0.3339888244693332,19.0,19.0,0.0,0.0
1.5027223643729164,14.214279764003404,31.674509120110397,35.017393758540024,30.737388673416564,1.1893425545168446,1.2671994100902502,-0.13497420512001235,28.0,28.0,0.0,0.0
0.5213243424878886,0.5934889286876798,36.31138159562675,6.241247372189912,4.487633687097659,-0.5615526560593118,1.7915006654833494,0.03724128685042266,3.0,3.0,0.0,0.0
1.5259905746135363,14.884839730639852,45.58747309200311,4.716528846463272,23.05324253868729,-1.0037905133190215,0.996492340087979,1.386583864878479,29.0,29.0,0.0,0.0
0.7015997452955768,1.4466280353716148,36.31630875823148,24.2215216693395,5.359421230679081,1.6998045983447552,0.1566942398186802,-0.6473859664965936,6.0,6.0,0.0,0.0
0.3611226898942252,0.197266318378246,27.804332620797535,8.615661249830586,31.859522682236445,-0.6803326872459762,0.982461789464077,0.06667827807910495,1.0,1.0,0.0,0.0
1.1114897656605347,5.7518163874320205,23.020479704318756,41.0305063061325,42.026285146641634,-0.1988369386130221,-0.6710342427845565,-0.8408682088698312,15.0,15.0,0.0,0.0
1.1011350950461303,5.592557049112328,43.185843446343064,35.24754244861336,38.586993569965486,0.7379645500217407,0.9809069397621838,0.15704788361503483,15.0,15.0,0.0,0.0
1.679895081495498,19.85798073005298,44.0887595118547,39.83337069030071,5.1880558029545725,0.12815001557391947,-0.12433500599785148,0.9918241429085717,35.0,35.0,0.0,0.0
1.0077318114677059,4.286704178383184,43.2834401259226,45.884289916220524,23.83741920496203,-1.033731774674747,0.5044074423343105,1.0362649944461084,12.0,12.0,0.0,0.0
0.5006547468660962,0.5256584182789619,22.429970401002016,2.9288522924266998,47.67210753076236,-0.6311292978186303,-0.7584894215140452,-0.2593961054313014,3.0,3.0,0.0,0.0
1.6121140739338313,17.549951378393526,9.111529192048092,6.8808095789508945,16.802898606154496,0.8525718612351595,0.43692218013713574,1.020232322297582,32.0,32.0,0.0,0.0
1.5401347266434011,15.302583197701548,35.35436317881491,0.5907135648093664,5.0002182072663945,-0.4089426572018655,1.7782510445784405,-0.6932633347480441,29.0,29.0,0.0,0.0
0.4873716729594378,0.48491928908356746,9.687227740637972,26.281632411132726,13.862440818000692,-0.09988957226695697,-1.1806808116169065,-1.3552682920566663,2.0,2.0,0.0,0.0
1.3469435452754184,10.236153493043709,12.201739615057459,7.683767700485875,12.11011147568571,-0.845724822603005,-1.2393329552490175,0.2148100461280881,22.0,22.0,0.0,0.0
0.3900508791976908,0.2485721065437665,35.81302844170654,39.688382197924746,40.65312379294347,1.6872487020034013,0.7640381066705153,-0.3138425793252383,1.0,1.0,0.0,0.0
0.4215943587540395,0.3138867493705699,35.09918760117438,8.817867136478608,37.66082971058396,-0.5629540560316656,0.737432864077931,0.7870845261658936,2.0,2.0,0.0,0.0
1.5217286704268345,14.76047313318746,5.132729883668603,11.634220478662805,28.071257093610367,-0.8629786302272265,-1.03611511356405,-0.21343449733159375,29.0,29.0,0.0,0.0
0.8009143504264851,2.1520226352619005,5.606522990043461,47.941968602361776,18.868559483473316,-0.5804229251391216,-0.8218583901626917,0.6249538502987521,8.0,8.0,0.0,0.0
1.2771630860392704,8.726250624403615,6.095323188690013,10.919742340327714,12.003619063956085,-0.8323912987761742,1.328944751375955,-0.8486373362232814,20.0,20.0,0.0,0.0
1.6148954392861476,17.640944489059407,42.31588127257605,1.3052051950683503,8.854007088463023,0.6916248594104717,-0.4416850352648503,0.9759983273737511,32.0,32.0,0.0,0.0
0.9242735785054357,3.307426672558667,18.03631434047934,18.681040688874603,8.835735507383081,-1.3232620561463992,-0.715248347258014,1.0837402091786434,10.0,10.0,0.0,0.0
0.6618663193386032,1.2145054105240978,7.862749952314573,12.485426323491625,25.728343232256773,-0.8336477643349601,-0.1086260609938838,-0.8496816620682058,5.0,5.0,0.0,0.0
0.7139919888012796,1.5246446212946976,14.946754238466902,27.844297796630897,34.08181148909664,0.8767668199311776,0.14277816007759025,-0.5411654576320122,6.0,6.0,0.0,0.0
0.6430036982715019,1.1135994857239804,47.69489355854028,28.031847821460207,5.434299646679142,-0.2796990216037824,0.8148211240399525,1.303272097007846,5.0,5.0,0.0,0.0
0.8131102914927892,2.25183716781179,14.87535167976962,39.158204890222045,24.1058104653318,-1.088745123736166,-0.3039313624184985,0.35347948414152564,8.0,8.0,0.0,0.0
1.1845480276225675,6.962202183167848,32.161179410572316,49.86992055440259,9.43375960487803,0.8132604405280461,1.0008721911769516,-0.5350114405843011,17.0,17.0,0.0,0.0
0.3979379228470301,0.2639578579578475,3.988572949395937,48.57738093152491,43.26770357294358,1.3261603354205016,-0.8995974750044683,-0.7059177452826771,1.0,1.0,0.0,0.0
0.7675250988743476,1.8939406613793723,24.10346645123725,27.76826276052127,49.5850576271318,0.9988252708683947,0.9177603897746601,0.49396909312265036,7.0,7.0,0.0,0.0
1.2781650011800922,8.746803574691054,23.234770046852773,3.4416933447772107,11.207796874146066,0.5133442193552545,-0.0954234967404556,-0.964980420373328,20.0,20.0,0.0,0.0
1.0653410742947205,5.064710477332482,22.78259639358373,13.231136190975052,3.5436210662725465,0.22700995535678106,-1.2934516143025754,0.6277616246135698,14.0,14.0,0.0,0.0
1.0785037778093816,5.254768905973698,33.201091847875986,48.556977703559305,12.842871700517879,1.3403615198070562,-0.782300209911826,-0.2744054563478979,14.0,14.0,0.0,0.0
0.9068017273661539,3.123385756976205,44.671579608655534,6.703033198715524,27.27122401267024,-1.5048732524141017,0.39273101899687,0.69573960156736,10.0,10.0,0.0,0.0
0.8566121608058295,2.6329421427672868,27.35931648430163,5.0109258806023185,48.07679963730017,0.7039853697993561,1.060717767495076,-0.42969611322993523,9.0,9.0,0.0,0.0
0.42955643042579583,0.3320085619825516,13.16695040778982,4.573029338382611,31.21652356728309,1.3471965405612016,-0.7345462543862373,-1.1647100602086136,2.0,2.0,0.0,0.0
0.4358848621599676,0.3468997359884373,12.922536744370417,37.09174874787234,43.040236177307456,1.0182351475230678,-0.9170801276908035,0.30505529410163545,2.0,2.0,0.0,0.0
1.3021147231879993,9.247755904369683,20.161975409979068,46.91858374773477,0.9264651405449279,-1.1631271478549663,0.5212947387136994,-1.0966572362756395,21.0,21.0,0.0,0.0
1.416278709715698,11.899666478367394,24.391413227354764,6.884934027345898,15.152476293324069,1.3804354218616743,1.249538677228138,0.5148273666803161,25.0,25.0,0.0,0.0
0.990860613879263,4.074987742454084,36.31110709453737,19.011339593443008,35.406877623262226,-0.14112440154738784,-0.7440578424617474,-1.1389294504681102,12.0,12.0,0.0,0.0
1.2144101180360545,7.5021326715179555,12.78412614269755,19.9225918372308,22.509394038125595,-1.7736620213748353,0.8137819557105327,-0.22811675761474473,18.0,18.0,0.0,0.0
0.8611231383680449,2.6747573274083427,22.984517491655566,1.1271276070865976,0.3064671530522744,-0.6868952977112444,1.7146789721863096,-0.5318960939083567,9.0,9.0,0.0,0.0
0.3829491214857674,0.2352403635855964,43.35609653274743,23.36214191709251,20.219773168330118,-0.8620628580473311,0.7600891106527184,-1.0183075880356525,1.0,1.0,0.0,0.0
1.6967605580163942,20.4621041124149,48.205880249820545,35.43734490893742,23.695383433953573,-0.8549959858099793,-1.0629077625617764,1.0294178755992784,36.0,35.0,1.0,0.0
0.7411345544881474,1.7052175583526326,36.2208998261806,49.00290822726476,46.28385502760494,-0.9262264874615583,0.7501182574676637,1.3773334071013124,6.0,6.0,0.0,0.0
1.3479216297745302,10.25846867088393,7.501487999130323,12.181074682135623,2.2121424028543806,-1.5092276912926295,0.40356677042349953,-0.7191868484696824,22.0,22.0,0.0,0.0
1.5126965696523524,14.49920116667939,49.00696708178907,21.528236974523775,48.770141209802354,-0.6546412122758442,0.6836258161693967,-0.8155953652990607,28.0,28.0,0.0,0.0
0.38162879391081633,0.23281556596732209,32.10695060785307,1.5743190646506275,21.9741859905749,0.5888821411201193,-0.750956508072649,0.5381892970875463,1.0,1.0,0.0,0.0
0.5759103652691291,0.8001166251975317,45.77795619065136,40.34038632679432,23.899365499542036,-0.35317235500255,0.023227464969315072,-1.011769016363931,4.0,4.0,0.0,0.0
0.6964877600414727,1.4152366769678701,2.5772309043163624,7.687092585165101,4.879444376238751,0.8017222763123211,0.5380047485515377,-0.683390834724344,6.0,6.0,0.0,0.0
0.7779900947887701,1.972471842777268,29.103585312232017,27.423220931868574,14.637968592499867,0.38322873260302437,-0.8641788583460516,1.4650474116173102,7.0,7.0,0.0,0.0
0.9109129592267011,3.1660608047489975,33.94606733324211,17.916234783902915,24.876617628902515,-0.3829347420722669,0.5739392352242034,0.9903390324556256,10.0,10.0,0.0,0.0
0.4436777691690202,0.3658403594372095,26.51694014469788,42.388911866537455,40.8124793631099,-1.196215924362663,-0.06037660699541408,0.2757758994722484,2.0,2.0,0.0,0.0
1.343458740989247,10.156910119769506,45.20390224290032,42.35369442064765,49.53196012918098,-0.613669145701661,-0.1781260164290936,1.5845656523907192,22.0,22.0,0.0,0.0
1.4609153255059903,13.060618511724119,9.80885135272275,13.75811571419286,42.628273337344176,-1.5659000439437403,-0.5475222118717586,0.5440999358651415,26.0,26.0,0.0,0.0
0.49452995759375745,0.5066014464501897,15.56471202204302,0.13503500135159857,29.086966288714056,0.0023594993972323747,0.8869463476437331,0.8242736588691397,3.0,3.0,0.0,0.0
1.5001010720155312,14.140024877630305,0.3633932000248717,18.646029408790202,35.496366589004836,0.6123753803461673,1.1714095870528605,1.0437995597366774,28.0,28.0,0.0,0.0
1.6366838017490537,18.364662946233704,29.590619360309635,0.9410972098614044,36.95846152298507,0.3615544171367788,1.055371016237761,0.9177161401107163,33.0,33.0,0.0,0.0
1.1033336341063418,5.62612246927002,9.840049071634427,16.915001743696156,11.001090774597905,1.0017496723686448,-0.09260964061136608,0.2088399100133905,15.0,15.0,0.0,0.0
1.4037759014282973,11.587292155705658,28.653842123463466,39.2296070157838,19.498958444854967,1.452672223022231,0.6912788122393234,-0.9420999905725425,24.0,24.0,0.0,0.0
0.6662316960398444,1.238695274061261,23.65742873825955,1.199673811814813,42.12626357573297,-0.015116337444861738,-2.232604931738555,-1.6781760025589632,5.0,4.0,1.0,0.0
0.6399976815464479,1.098054285976471,12.621003980962035,49.966598477690084,41.81554694715425,0.7204668605645402,-1.3569618452708578,0.3183849385144924,5.0,5.0,0.0,0.0
0.5830538894845008,0.830261117699763,31.78065137179272,40.89643001127159,47.861648000422484,0.845928041856474,-0.7875950138236822,0.7951390277900918,4.0,4.0,0.0,0.0
1.3345379034323837,9.955918862304014,41.45521599006099,9.237096042387472,44.59231731833376,-0.7504305570130949,-0.6264673009108622,1.306396607157822,22.0,22.0,0.0,0.0
0.8444968596159208,2.5227994408883547,31.918639292435593,48.49442982057951,31.901713629988702,-0.8353796251614184,0.6079660838709762,0.5105773701628714,8.0,8.0,0.0,0.0
1.4589686513844533,13.008478108871987,22.69316130581876,40.966976070266185,9.892881973831726,0.37975009468964965,0.5602488378022142,1.7570302869246208,26.0,26.0,0.0,0.0
1.3656239558578667,10.667974995500122,25.247121746599166,12.396840586790693,30.109421925474805,0.5021032383902408,-0.9151790287853775,-0.9993324491350168,23.0,23.0,0.0,0.0
1.5878971671359075,16.77087535002694,31.62875151489519,42.6539558217107,27.659189181933968,0.798451079231475,1.1511406074821853,1.0732722022075465,31.0,31.0,0.0,0.0
0.35482460402235577,0.18712412803898995,32.5805040818668,28.243212934679345,42.48060240707129,-0.6901389595665957,-0.5973503108257419,-0.6512954542220881,1.0,1.0,0.0,0.0
0.6738801239048656,1.2818480599722089,7.666403518635862,43.51761940193367,11.460842584998765,-1.059176699744622,1.0285900219003605,1.0538855853262132,5.0,5.0,0.0,0.0
0.9755323152590354,3.888781931708719,38.72794361105808,30.741129931597957,36.71766050241534,-0.7063990524857353,-1.2942611599755325,-1.223411869961323,11.0,11.0,0.0,0.0
0.5707185732710282,0.7786721253358476,47.03134376157228,16.06615759219806,9.568577445412634,0.5585643896043461,1.3811977052204947,0.796772228642766,4.0,4.0,0.0,0.0
0.6695149351597078,1.257098816888328,26.46191966165946,14.977628067029467,10.645156658773423,1.4736693889685464,0.8165174551105965,0.19165730028810363,5.0,5.0,0.0,0.0
1.5203544136188532,14.720519162962228,6.677191294323773,6.4023616719420104,2.6246331393636604,-1.0697476019060088,1.1766954100548024,-1.1451510538478475,29.0,29.0,0.0,0.0
1.5607717993472485,15.92600463015152,48.0948188000669,45.178495163024806,2.925924001863353,-1.541322093019418,-1.1351048528270073,0.5011564443249891,30.0,30.0,0.0,0.0
0.9257404300433507,3.32319865039558,18.05868754083149,13.68441188061288,22.42142472548069,-0.9904471356959864,0.974839049463841,0.8549228073689997,10.0,10.0,0.0,0.0
1.3695816436750203,10.760993994910011,32.42164293796086,36.661509122571985,40.14051340466701,0.6619367664485307,0.9698661627444641,1.0499765355213333,23.0,23.0,0.0,0.0
1.3831313307973438,11.08354953595893,48.98083252456782,4.222788998004508,26.944065244403678,0.2418938974454266,1.0907592220836992,-0.3814048361646886,24.0,24.0,0.0,0.0
1.0076072503621292,4.285114795349553,19.26951818672574,44.51068191413831,20.95577284482836,0.6615787418493391,0.18009877723863926,0.8418413771049718,12.0,12.0,0.0,0.0
1.455203060551161,12.908013402610928,28.2551510710749,1.5832604172126983,25.196534353766573,-0.30017999383866245,1.0337553750534585,0.9684415173628084,26.0,26.0,0.0,0.0
0.6938105407115243,1.3989793048894343,38.661147467995164,40.73082085105848,16.56072209326035,0.21713874203809472,1.1068113139666387,-0.4832417071305093,6.0,6.0,0.0,0.0
0.30071072299936225,0.11390305009291568,47.33100447022981,42.09820506267012,17.373985597183005,-0.5446380310091355,-0.3940246030477577,-1.0805588274354319,1.0,1.0,0.0,0.0
0.9792885684645989,3.9338759780953985,10.820747520427739,40.92818691402534,0.9579692876656185,0.5082976778922076,1.1374912565295776,0.045283742642758466,12.0,12.0,0.0,0.0
0.8428200160934751,2.5078013544066557,35.030542372083815,9.42796790419585,14.34577881745644,1.0733936837320253,-0.7638312907206245,0.0077627395365560195,8.0,8.0,0.0,0.0
0.6246876524042267,1.0211213920298594,23.73957056834165,38.75780207948504,45.148496076450954,0.5421455940166517,0.904867896087909,0.5118571929906841,4.0,4.0,0.0,0.0
0.7653410446700635,1.87781854531846,34.74124160259976,13.309158249941362,8.527407938016372,-0.08714376744472158,0.4883903644778083,-0.8773857525410702,7.0,7.0,0.0,0.0
0.523220281094527,0.5999876605121831,39.00104145376725,43.94490124770788,0.26089288749288486,-1.227120329636044,-1.191999184878986,-0.25642540083625465,3.0,3.0,0.0,0.0
1.2484469597375196,8.150774865358631,11.38162497460686,31.607011658974642,20.077568376495982,0.19108950897930502,-1.3630137846428865,0.39000164005409443,19.0,19.0,0.0,0.0
1.490826331872776,13.879370658517013,10.613450225148046,32.684319191750134,49.330629582549285,0.716197244831627,-0.7396035008095544,0.9007715122396011,27.0,27.0,0.0,0.0
0.47457154546169694,0.4477068039118763,6.792096021364537,0.21058804472028192,29.917231596573146,0.06270093384288512,-1.166011649822174,1.2252723787725477,2.0,2.0,0.0,0.0
1.4129509620832654,11.815983550954272,31.980868924968878,31.618752292583682,28.676182893006636,-1.7357000034449688,0.7743576163842512,0.15440150282400453,25.0,25.0,0.0,0.0
0.81174744258356,2.240533266186853,21.01691904446755,44.508361994216465,27.420329897234616,0.08950229808889508,0.36398949486768756,-1.2248767374365723,8.0,8.0,0.0,0.0
1.0203538312692761,4.449805288967511,15.02222255500629,21.33180805720996,16.546558164850694,0.5615698414180242,0.972646520650134,0.45838373150269884,13.0,13.0,0.0,0.0
0.5643589047157853,0.7529302660187076,11.443601796500825,33.47546232989844,30.418160750268996,0.2109433631831356,1.5124610707719102,1.2765776324812126,4.0,4.0,0.0,0.0
0.7008461607354897,1.4419715939455076,11.37854980155291,47.54841352674665,13.939321020490546,-1.6113152291224238,-1.381983966621707,-0.22215766401719683,6.0,5.0,1.0,0.0
1.0402559545120824,4.71529904024518,22.633942507770215,48.73470341766112,11.979659426168537,0.6064887816946276,1.1184831964275186,0.024910533673844094,13.0,13.0,0.0,0.0
0.9313895080323333,3.3844073798852414,6.743397594363152,22.56583658292919,43.58717561788894,0.8294897996510774,-0.6132040360340482,-1.3834671395291753,10.0,10.0,0.0,0.0
1.471019076831084,13.333480311513506,36.827390845324196,27.099218279755423,42.44522952843607,0.6641231304402219,1.1021388840761255,-0.8066690388396631,27.0,27.0,0.0,0.0
1.3180040074145698,9.590445937828875,5.046039185805862,5.86724272247283,49.39165763139164,-1.167834740409343,1.3138935989093254,0.3530450615526813,21.0,21.0,0.0,0.0
1.6183204978572383,17.753427636364812,41.42961439141807,9.074368117114869,5.025525753124713,-0.7210378931280044,0.10846450901910017,0.7763672659923321,32.0,32.0,0.0,0.0
0.7743726865767292,1.945085463245379,25.130329938493844,46.82023465595427,14.38244994986084,1.2703366169585613,-0.6312297170616501,0.23221918358374252,7.0,7.0,0.0,0.0
0.7806243122903262,1.9925756953001967,11.125284740375113,19.649541608963133,35.25530132746559,-0.6334446786318759,0.6491389337552961,-0.9101643860980597,7.0,7.0,0.0,0.0
0.9143758871990508,3.202306551545986,36.71083311334908,42.932064531158794,38.96149981763132,-0.969284710595455,0.8587009497659686,0.6381459243459155,10.0,10.0,0.0,0.0
0.8214452302108348,2.321798070107409,6.5479170062658385,30.967842166982287,10.603188309406308,0.3113558621034965,1.4377442611448061,-0.5550732513786926,8.0,8.0,0.0,0.0
1.0235810284300502,4.492160791004159,47.77387581878329,39.06140076626961,25.570729218086317,-0.09621711420283685,2.1870260075773382,0.9814559378149283,13.0,12.0,1.0,0.0
0.5379845320306448,0.6522258038968055,24.58825622697257,33.805863819563704,24.203762205582613,-0.29441430458402573,0.9646169696703771,-0.09806781267628073,3.0,3.0,0.0,0.0
0.6462889276232981,1.1307556226765338,16.44810238011757,9.353404296434267,17.23653485435675,-0.9617954142054361,-0.9345996821870611,-0.8873380643605885,5.0,5.0,0.0,0.0
1.6178900463727541,17.739264885281695,24.492303708837163,14.010435883618326,39.09112700494869,-0.9899208507877966,-0.6898788609663754,0.5672809718973002,32.0,32.0,0.0,0.0
1.5871351180464806,16.74674136043935,41.326892302469595,18.027316785340556,7.992819503915048,-1.0331682363150059,0.8556213517046612,1.2358681571776013,31.0,31.0,0.0,0.0
0.5879408282159747,0.8513133987963345,33.71814822268125,36.481435296552156,1.3236202614147046,-1.0407672622290125,-0.15904266020175514,0.8326608492470172,4.0,4.0,0.0,0.0
1.0945478646812306,5.492788584179525,36.613760169607964,31.513229561558948,32.718747589688974,-1.5048343314689938,0.7567320878600433,0.5686388455836134,15.0,15.0,0.0,0.0
0.9565049515545716,3.665643934191349,25.810260473901913,4.2912175651022455,14.23167385148522,-0.366497587587553,0.911879526662223,0.6143360445635403,11.0,11.0,0.0,0.0
1.043068503054049,4.753648918358156,33.81148019481327,14.867367587856526,7.510489734570951,0.17126425104391074,0.07438865317047791,-1.4299082641129477,13.0,13.0,0.0,0.0
0.7856528413993498,2.0313308575766853,27.184561264786147,13.679102609008456,19.85875428483682,0.5677657754463988,0.9179829755846168,-1.2948215358254893,7.0,7.0,0.0,0.0
0.6294943720771397,1.0448745817698335,41.498513403904106,2.545202690070079,14.194859016283838,0.464193075476132,-0.01685308279009572,1.1884301529664116,4.0,4.0,0.0,0.0
0.5370815195948565,0.6489470108762599,24.96596224533084,24.299109621139515,48.44946175813289,-0.5334771516309668,-0.9892465978218392,-0.34237014921783243,3.0,3.0,0.0,0.0
1.3940504324121443,11.348123818808116,25.047168700831094,40.157580894480056,23.900638597832515,-0.21491101350936545,-0.5427138574006105,-0.8820471754197656,24.0,24.0,0.0,0.0
0.6679979894593548,1.2485733912833485,11.06180655485544,18.442242980512543,19.455231125414908,0.4595360715449543,1.287354159556292,0.8576697239636091,5.0,5.0,0.0,0.0
0.557977478132136,0.7276769500113158,24.053666528135466,25.630075309062093,45.62204445801841,1.274035396164302,-0.2828138011736107,-0.255231871095987,3.0,3.0,0.0,0.0
1.1113974189134166,5.750382858972826,6.998906476841144,18.162517169791478,25.856816790199986,0.822142946849634,1.1229739670132477,0.7288376430159225,15.0,15.0,0.0,0.0
0.4862454470227815,0.4815653745230663,46.7414841296956,12.076881851558452,2.4381653476801666,-1.2633758880671897,0.33157025744432883,1.3868120392476262,2.0,2.0,0.0,0.0
0.5425534962011004,0.6689848897314019,22.35355247565912,20.224559621206705,5.29984190854566,0.9720061515115402,-0.7897740493232718,-0.8654204212486474,3.0,3.0,0.0,0.0
0.6906405680385188,1.3798912622307242,41.074136457934365,3.142057933994522,2.4913791966734977,0.3290210686129788,1.4317079631631469,0.4927639441381371,5.0,5.0,0.0,0.0
1.578520934592598,16.47553959301837,7.040159950533884,43.9344047209712,23.773786933392426,-0.8647793443588049,-0.8725942983235307,0.8285528523662704,31.0,31.0,0.0,0.0
1.329917616741266,9.852871665578967,22.201321066959267,33.39157700770046,32.23723287152443,0.6319187641699102,1.2209556454657404,0.3840832903464494,22.0,22.0,0.0,0.0
1.6983792571303018,20.520722161722585,49.11431391057817,14.024274083767523,39.49842394259402,0.9803153945525857,0.46912153654061395,-1.39354123030778,36.0,36.0,0.0,0.0
0.8100978498027815,2.2269017043223003,12.527154419298755,30.6832393074404,4.6669937869053095,-0.03960723070453358,1.2867052002209851,-1.4365573600332804,8.0,8.0,0.0,0.0
0.34658929455749315,0.17439500494224242,18.636901262492877,45.25250778027753,47.905673266002914,0.7308693978006628,-0.470955690178373,-1.0098854993389184,1.0,1.0,0.0,0.0
0.7102975922072031,1.5011000408140287,0.21726677352878654,48.98323889968384,40.41407256153365,-1.1378923572260378,-1.4665554779441548,-0.3344543551454202,6.0,6.0,0.0,0.0
0.49929025670245225,0.5213722148349962,29.730219653699553,22.389691557863213,29.237621975027093,-1.1890303682696968,-0.019894736635653398,0.5275577107423018,3.0,3.0,0.0,0.0
0.3445724670965908,0.17136823608251078,49.14315040927142,49.24913662533516,6.081595426225642,-0.6344147335900039,1.059867477924133,0.8747008978586291,1.0,1.0,0.0,0.0
1.608407254685927,17.429168928783767,47.46327103768327,35.46848832867566,32.40784015066165,-0.06077745153918308,0.8423630990317758,0.6461173839121432,32.0,32.0,0.0,0.0
1.539152842209397,15.273334215378274,43.46286598587839,10.414679999364179,18.09691864074849,-1.071991704667293,-0.10702116659448169,0.746885876005771,29.0,29.0,0.0,0.0
1.615850801930246,17.672271851856664,11.264339103707256,16.230539793073824,8.24300445130454,-0.8921730653020652,-0.48783215769846305,1.1407283542067301,32.0,32.0,0.0,0.0
1.0021225312513942,4.2155193724316815,24.30614887204077,8.568473486503649,13.219767527392078,1.4455110538284293,-0.5946355959110755,0.6735564802320487,12.0,12.0,0.0,0.0
0.7675800757956965,1.8943476727669653,9.043203481276992,14.302464378982195,22.351457607023175,0.8844174514426899,0.9787354035248077,-0.11172305683603316,7.0,7.0,0.0,0.0
0.36969558741489145,0.21165152901474388,8.030907134477525,31.387980337283555,15.719945956262118,0.6918894527699148,-1.177300544454042,0.7907954707150673,1.0,1.0,0.0,0.0
0.5451854572417612,0.6787680583666312,40.71389326287993,34.136272297013,3.7149672069564477,0.10229726300951462,0.02607945588473801,1.378294840534931,3.0,3.0,0.0,0.0
1.1938580938298193,7.127656037308571,21.962024653079077,42.38034450231756,20.870146822777354,-0.7063763807648391,-1.0571839650832016,0.9996597452246822,17.0,17.0,0.0,0.0
0.9978469720524299,4.161792667627966,5.907754164461489,45.359334861308085,1.4806482270426535,-0.8960060055909965,0.6904967861034538,0.043934656690107265,12.0,12.0,0.0,0.0
1.6211035225789254,17.845176911140022,21.487898977361038,25.518236526958237,6.682502212244577,0.20437440933432596,1.4788076215942616,-1.3075840149076292,33.0,33.0,0.0,0.0
1.2685883110333223,8.551665904687217,13.984198247054104,2.2741413734036744,41.93924459167298,1.4442315949348117,0.8822777988684046,-0.7524511064329096,20.0,20.0,0.0,0.0
0.5904542955277103,0.8622783233104832,37.27913850629139,48.138504005968976,38.179985445435975,1.4827947931343852,-0.1516356455895651,0.4933304607150534,4.0,4.0,0.0,0.0
1.5120778894462101,14.481418286805413,16.682169257833312,20.931653965839676,32.52745467705996,-1.8034277183575012,-0.18624976491017609,0.6053473550265237,28.0,28.0,0.0,0.0
0.9869973776198062,4.027509798174999,8.075503676946767,12.695704382632965,38.397464816313466,0.9089406089866513,1.0495302890627345,-0.9441215085028567,12.0,12.0,0.0,0.0
0.4107519118917468,0.2902868682670646,3.411754433726965,14.897037785395783,27.216471042987646,-0.8038301503415937,-0.43561241971469183,1.056308787933745,2.0,2.0,0.0,0.0
0.5971718496196574,0.8920446453563807,21.65094554582943,42.22445122881033,35.166880457152075,-0.001010876288849462,-0.9323039041587305,-0.7346129357316704,4.0,4.0,0.0,0.0
1.2258180676241555,7.7155459846728665,12.6399134185048,50.0,15.43468967551738,-0.9311188936620116,-1.2112378363832248,-0.23361069092507245,18.0,17.0,1.0,0.0
1.492098005472072,13.914918237609998,9.121393354303093,11.277183289171216,31.84593193103573,1.1822831027258873,0.7978092439565672,0.25799585289992744,27.0,27.0,0.0,0.0
1.2353339976919153,7.896630024436777,2.039980100763735,5.229462838861716,34.93687708135423,-1.0434621918723153,0.450062694697978,0.1201324449035178,19.0,19.0,0.0,0.0
1.3586670375264358,10.505766083596024,39.628954589034855,26.360685083789885,25.633009392399874,0.8901834441590439,-0.6179827511414661,-0.3487449730241429,23.0,23.0,0.0,0.0
0.7704676609148743,1.9158074301637664,29.246071480300454,26.353344240120176,16.697699401186156,1.051196935819339,1.2441327241296891,0.5577647674520544,7.0,7.0,0.0,0.0
0.7133121498151551,1.5202936219112495,42.62008491911238,40.16870770388983,46.20297493554321,-1.438742571746024,-0.42074232342831697,0.3574376229970408,6.0,6.0,0.0,0.0
1.5011702199183372,14.170279949411627,8.91757757462084,44.97139818301916,12.767633881898002,0.40633633623414345,0.44180069183557447,0.8402832787605905,28.0,28.0,0.0,0.0
1.0305592914852129,4.5846644889795485,0.710377739413065,40.317688719647535,3.4173608367691397,1.1813519372522219,0.39852230573455877,-1.4928738313094032,13.0,13.0,0.0,0.0
1.5286453613023567,14.962661038771017,37.827157297521076,0.23347276526473304,0.12335828983340391,-0.2764000498923168,-0.5153082706892671,1.546128480541266,29.0,29.0,0.0,0.0
0.5610977182723053,0.7399529691716955,19.538168297030403,26.30236257586749,0.3555541896971001,0.6168781859838227,-1.5140209990706788,0.07787885779239902,3.0,3.0,0.0,0.0
1.4692537349011408,13.285534130836888,28.647811885872223,30.503892036634326,48.38928083433053,-0.27543509285454004,1.1361327012440086,1.1632229757418349,27.0,27.0,0.0,0.0
0.7146973320197194,1.5291676151743956,20.541584533245892,34.09017542609505,48.058167451051936,-0.6730286286773798,1.1154306695077851,0.46566952751149027,6.0,6.0,0.0,0.0
0.5921166141816971,0.8695816179207262,35.339627791393696,41.55833658805218,43.1535088137908,1.748863895328465,0.3670981214842954,-0.2762464082735954,4.0,4.0,0.0,0.0
1.5599744016046866,15.901607329113885,32.1782240386609,4.21815293301126,7.794575488767319,1.2844670187523113,0.5613432722181382,-0.2872724978666009,30.0,30.0,0.0,0.0
0.3927587193371212,0.2537850967730841,34.41651645283759,15.979243638606768,44.81021639565631,0.38238983023117706,0.95205722266298,-0.2509756761817273,1.0,1.0,0.0,0.0
1.2490420255713832,8.162435496554025,9.681182705179351,2.327854388125555,41.756814667609966,0.44405417987281165,0.8346830241837996,0.5272244970148618,19.0,19.0,0.0,0.0
0.33554234841740593,0.15824523026243417,36.43659967464138,36.00907529045796,38.30262411899402,-1.077070512432946,-0.8333784453397478,-0.9532734237799354,1.0,1.0,0.0,0.0
0.7940396681025558,2.0970810063956313,38.315339436077565,44.231843436121,41.20721310785145,-0.42936257521506555,1.0951800322969532,1.0557510126654277,7.0,7.0,0.0,0.0
0.7431123226183064,1.7189054888635924,41.513426636111156,42.925831062452716,11.591401832864515,1.1926335285024157,0.07800082733564948,0.8350345751834755,6.0,6.0,0.0,0.0
1.3556453888772328,10.435828006723124,15.828878762403885,34.06173806883874,2.6102223425172375,-0.2647837947891418,-0.8011097043887068,-0.8511243566525559,23.0,23.0,0.0,0.0
0.44897157201764315,0.3790924533513093,46.558851987749854,45.485945882541365,6.8476460971614,0.3739752671647372,-1.6390310436903142,-0.9274848674079404,2.0,2.0,0.0,0.0
0.7300217231255838,1.629656074917688,0.3605105584353717,44.530487471098816,0.9695830816930946,-0.6178975641079416,-0.7731343618429575,0.7915539153391633,6.0,6.0,0.0,0.0
0.8369531687571412,2.455794843969486,42.882929580984786,8.989943650508552,47.218796414183046,-0.9476787959208781,0.6165080934282511,-1.033015913411393,8.0,8.0,0.0,0.0
0.8505275768637168,2.577233735488115,10.303313320360559,11.117703229252925,22.14366323297248,-1.1466052555083714,-1.1103750984564522,-0.9768784866713257,9.0,9.0,0.0,0.0
0.3333494765648976,0.15516291925010098,38.28682032834548,34.86856718803916,45.17655940671297,-1.4292250853473232,0.4407574097977999,-0.40573581454899066,1.0,1.0,0.0,0.0
0.7124577036213335,1.51483687891541,34.24539569091057,40.635578185617284,27.893064204473266,1.0741297191720287,1.4229930907144013,0.40685784167938427,6.0,6.0,0.0,0.0
0.7750807512562484,1.9504259383356846,10.898448104869512,46.28433458143869,23.913128048045532,0.19109983092693666,0.6336387491277903,-1.1490697655555033,7.0,7.0,0.0,0.0
1.6703169862300196,19.520246713032673,29.501487259728584,42.98928652427119,30.18873888980064,0.0668467963473279,-0.41068079926776974,-1.2666580910205594,35.0,35.0,0.0,0.0
0.3445267126017387,0.17129997909702166,18.71664811492601,9.43713058534701,46.87046312098286,-0.26165165519034744,-0.7983768796564986,-1.0338904615904119,1.0,1.0,0.0,0.0
1.0894309948836625,5.4161139179972935,19.154502253380087,12.847089391113558,27.166806533616615,-0.6860146430388016,-0.08475188232266238,-1.4557888853369083,14.0,14.0,0.0,0.0
0.9326759425268334,3.3984503810743063,37.492581084465,40.39386995761676,44.17517927415247,-0.6778561578835356,-0.10757947438150273,0.8261681689761801,10.0,10.0,0.0,0.0
0.44423553779821745,0.3672218411605134,10.315742562360528,17.065405682100863,1.7671039939938775,0.8140517905280754,0.8059706569119558,0.6679647160834545,2.0,2.0,0.0,0.0
0.5888512659126659,0.8552743516660214,46.207360454404196,24.46553708710568,1.1138602421823176,0.8675516943427912,-0.6112426110039029,0.9895786552523461,4.0,4.0,0.0,0.0
1.6771944844862388,19.76236362179874,11.22354108606219,27.54421017614117,20.815730097625543,0.8463542397818211,-1.0194129494026476,-1.0377600711676036,35.0,35.0,0.0,0.0
1.1655565582192358,6.63267421963904,48.59582591771586,16.228715501367578,33.030408627829864,-0.06851729059943026,0.6562774378710314,1.2682832999627065,17.0,17.0,0.0,0.0
0.5024347879280068,0.5312851958569857,0.7843802357980154,39.11538940072327,18.779772989849402,-1.1276931758802824,-0.14814220341742687,-1.214914548729944,3.0,3.0,0.0,0.0
1.5757449076689565,16.38876946371398,29.34340173934087,22.611461111110756,35.6621491399331,-0.05051291172902275,1.4006313630868612,-0.5219730246140746,31.0,31.0,0.0,0.0
1.4484035671084434,12.727917934724308,17.34243333670732,7.110615985003042,2.7167613331077662,0.1434977497936471,-0.9462346497265142,1.179741444917722,26.0,25.0,1.0,0.0
1.0482723708204742,4.82515231495838,45.451848692405235,4.277221660177613,9.004399070314319,0.6174279965691952,1.0638049641591234,0.8489945904215597,13.0,13.0,0.0,0.0
1.1180996836872843,5.8550442701676015,4.876038599370959,2.5750119294009153,13.53211603808451,0.5195318811436218,0.5251371736348659,1.79313957465314,15.0,15.0,0.0,0.0
1.0144454158417853,4.372951505354067,35.27031787129945,0.9428387440036899,30.406171315224157,0.9544423318089693,1.1461079782179702,0.6850515344287424,12.0,12.0,0.0,0.0
1.5512156560466888,15.635261429733786,42.57509924218802,44.245885413657824,14.230078848448985,0.6697565523723262,0.8144426748468462,-1.3403695645521447,30.0,30.0,0.0,0.0
0.4654577899588245,0.4224054555092741,41.38046149908839,42.263803931589685,4.558280616293773,-0.5672726482931184,-0.7661678584130631,-1.2539377265055065,2.0,2.0,0.0,0.0
1.0731977113482203,5.177591979452508,5.521877394090422,15.717646897327834,17.555368044278246,-1.1834926611673766,-0.845365250248598,0.4433575816093916,14.0,14.0,0.0,0.0
1.3017558833476282,9.240112456136904,29.595764487197105,12.736474562779062,39.86287307120992,1.2238264635547735,0.16568975269425434,1.4408673768415394,21.0,21.0,0.0,0.0
1.3250224929701626,9.744473108950672,45.2968708072847,40.390858027068084,19.597781025853372,1.0487195255039803,-0.6501394081753875,0.6697204257350587,22.0,22.0,0.0,0.0
0.3622895477152354,0.19918472159188838,20.585460389126986,3.0231085409488174,12.818952955138409,0.9522018502726775,-0.23406186996422937,0.9230646313593108,1.0,1.0,0.0,0.0
0.48010106489380455,0.46353936029938114,45.89264028719597,28.119060281923414,6.426665777317569,-0.8975679485512411,-0.3409406997727469,0.5227799958784304,2.0,2.0,0.0,0.0
1.4813954158239735,13.617632149426282,30.382242914162735,1.4211219080764252,40.929981995725605,-1.2811880856866056,-0.060656784737515526,-0.21628517808895226,27.0,27.0,0.0,0.0
1.5443729769026164,15.429263316426328,36.73629763961219,29.05907280705337,15.505448764994727,1.567713654306398,-0.8968165921297284,0.36275083328913776,29.0,29.0,0.0,0.0
1.6761370153767106,19.72500674553253,10.307984313543596,27.14141389311365,17.760680985614812,0.7606951249537951,-1.3697378089147623,-0.3271259138674725,35.0,35.0,0.0,0.0
0.3875381316502463,0.24379900722937978,44.23667528191291,24.40947540514173,34.253741097988794,0.42640308482572514,0.5608196601662243,0.7482225089539172,1.0,1.0,0.0,0.0
1.3742872180150816,10.872292579097541,28.683943457517145,10.354318783836652,28.195861640407806,-0.8644622204223239,-0.6483502272150857,-0.5998228220132589,23.0,23.0,0.0,0.0
1.1354495938321851,6.1318593858455905,45.22714942555022,34.73121282760434,13.517670587350011,0.9879237669209616,-0.5440221715118293,-1.0985441210639997,16.0,16.0,0.0,0.0
1.0420362989425083,4.739550471562098,39.984000228770874,20.416640577173553,1.8785372920874106,0.7835623653035895,0.5740714572094191,-0.35920974497452723,13.0,13.0,0.0,0.0
0.9251783878814872,3.317149511963022,21.541640580499852,7.347535642581637,27.894086250078953,0.29118272814449914,1.1128669605876536,1.3595890037868694,10.0,10.0,0.0,0.0
1.35990827784556,10.53458572120881,10.345737612781821,20.93290519686972,17.075171261001145,1.0257655581130696,0.9744124917765115,-0.9469340932600654,23.0,23.0,0.0,0.0
1.0652662501838064,5.063643394164797,43.15230841200408,30.76743615489341,24.506215167481727,-1.283258381891834,1.2959250355594245,-0.7375064853660229,14.0,14.0,0.0,0.0
1.3048480896815497,9.30611621175109,18.821174549796137,22.44897748703508,17.67569315135916,-1.2349826671039126,-1.5363701508989516,0.19146616668193264,21.0,21.0,0.0,0.0
0.8036267064849698,2.1739607172337894,34.15231147429276,6.809278536061376,22.4922646162054,-0.8018621781188302,-0.8278104954982612,0.8855034792049039,8.0,8.0,0.0,0.0
1.2006441416582918,7.249891844654607,12.734837258685062,13.385156995620079,23.983814070282914,0.1563405306036903,0.4138186797019987,-1.6123061192523822,18.0,18.0,0.0,0.0
1.3656692770824854,10.669037151157179,29.75529558729819,44.92028273180993,42.22852566630654,-1.157760379692618,0.6779004105691079,0.25693425810206433,23.0,23.0,0.0,0.0
1.3353044876201297,9.973085331963889,36.96067368445631,48.2033519801579,23.950362732181777,0.5155057892300007,0.824902256357544,-0.9982311504195647,22.0,22.0,0.0,0.0
0.7016539217017534,1.4469631801342422,8.049222104418067,10.939104930886991,35.88033062354905,0.009836186232764254,-0.6633456053110451,1.4185518077024726,6.0,6.0,0.0,0.0
0.6740865818817012,1.2830265878881466,40.019075673931084,27.780883229191346,3.176029295165688,-0.34563894847542515,0.4054321809104045,1.013431157294279,5.0,5.0,0.0,0.0
0.7325855551104501,1.6468864741084364,33.095418785581465,14.681837821672506,5.078819311493013,0.3326750845260188,1.1517145888660993,1.0612813304089783,6.0,6.0,0.0,0.0
1.0313049511859635,4.594623373534408,45.3635427891739,8.105025078969197,1.6693993610315818,-1.3671061697950762,0.8327683542103943,0.15851592972396863,13.0,13.0,0.0,0.0
1.3530902405530207,10.376930168105886,30.823089919206108,12.642511843749645,23.622230257345294,-0.5247945154421603,-0.34310647188060495,0.8505636133877977,23.0,23.0,0.0,0.0
1.3466731204175975,10.229989415903821,7.260199997468236,45.48247353592207,20.658623212768237,1.177008462134077,1.1472334406238605,1.014366553544181,22.0,22.0,0.0,0.0
0.6622017725776446,1.216352987371459,18.018013019273404,34.791328157776874,42.4817763855867,0.4310663696774679,-1.0416626597019076,1.467988083816147,5.0,5.0,0.0,0.0
0.8071151043987053,2.2023940936076,43.17101791502435,35.86974974518077,29.102086402333676,1.0872483206105967,1.2584638163434427,0.8148341732084173,8.0,8.0,0.0,0.0
0.9731455844543426,3.8603089041907777,27.670895772541535,2.5079841213314644,22.773365741032055,0.8962874651785016,-0.41797893426692306,-0.7342840753880007,11.0,11.0,0.0,0.0
0.3600921424453987,0.1955822975436054,38.05965058724176,37.533249842021036,16.936055313920203,-1.33610024921364,0.28338977554235945,0.0651864979317857,1.0,1.0,0.0,0.0
1.577214939958297,16.434680136657835,34.59779620488517,44.120365727403225,33.14379513437072,-0.5060788709515108,0.8004297143097892,-0.6262254145351691,31.0,31.0,0.0,0.0
0.34930562014741817,0.1785275845576953,3.6488054880007423,28.438614775288222,26.97896677941261,-0.773593733521861,0.5697577784322301,-0.6308674954802188,1.0,1.0,0.0,0.0
0.629938183703947,1.047086140093016,27.847533461787155,7.22924695020242,9.468852041968752,0.6362906176762169,-1.0944790857555688,0.9612634073109007,4.0,4.0,0.0,0.0
0.8937857747772966,2.99081068914154,30.371018150948494,27.236415154570285,19.418781118003924,-1.0955405460818288,0.930155972611294,0.24436629607194518,10.0,10.0,0.0,0.0
0.8910919429727064,2.963849588702625,32.341596484576826,49.69343722692648,29.906695663921916,0.5831524648005663,-0.9780922258886826,0.4872831067344212,9.0,9.0,0.0,0.0
0.5327887690936398,0.6335104658247157,6.402621049367629,7.163185437931335,48.47994255467053,-0.6847937958244075,-0.4636543370508736,0.8358877861639159,3.0,3.0,0.0,0.0
1.3849017464730973,11.12616504978972,35.72602040936281,33.91801439229448,3.144094140309755,-1.1320931263387655,0.2386454254238738,0.8236195722530661,24.0,24.0,0.0,0.0
1.233583215814388,7.863102997505267,39.33720039355635,46.60548148196269,35.311208241701834,1.849287346411478,-0.4054526104015333,-0.41866424101536914,19.0,19.0,0.0,0.0
0.7912701701180817,2.0752144861014763,36.03595768073631,6.163345618815296,10.269542741222358,0.4805940945286524,1.7636273786198615,0.5117464030622658,7.0,7.0,0.0,0.0
1.1647940594975317,6.619665590118525,31.670867960059205,15.900430028656949,21.46946177852013,-0.02647756145050471,0.8533402706222469,0.9891813721746756,17.0,17.0,0.0,0.0
0.7746194264266051,1.9469453546418785,41.03977425185744,45.112151143196286,24.750407824306524,-0.6817242541739925,-1.1237648096650146,-0.14946557162823165,7.0,7.0,0.0,0.0
1.3839460778519899,11.103147696082479,36.48660676455054,21.56867359269583,16.92248902685232,1.1374489531314953,-0.04022520623870316,-0.5569025241439212,24.0,24.0,0.0,0.0
0.436778630682639,0.34903803628339425,2.254832121655802,45.37206736416979,9.45209165321814,1.598914476815309,0.3740319572245834,-1.113290020508108,2.0,2.0,0.0,0.0
0.6020429994849105,0.9140525019457976,17.269746248094044,25.711253816844234,28.1739233607327,0.6285798065102898,0.7454500255725162,0.42701589517606214,4.0,4.0,0.0,0.0
0.7134887935940253,1.5214233527847494,45.395093000168764,33.537822177959974,43.07899487995785,-1.2097997785728907,1.0764593924002563,0.14026633400054828,6.0,6.0,0.0,0.0
1.227703043742394,7.751194004348737,0.4961720722707774,19.557245232317324,6.894534522063635,-0.19818057338139394,0.9322083644066468,-1.0812803778492193,18.0,18.0,0.0,0.0
0.5703048852691819,0.7769800801231695,13.046513837108366,47.65907569014494,6.677492164165553,0.08436495002650451,0.6294905586344748,0.849098694927072,4.0,4.0,0.0,0.0
0.3632376870150075,0.20075266255802018,18.826482484388663,48.57079148449139,46.752477278479766,-1.188453873581507,0.871917052442591,-0.8931321827199706,1.0,1.0,0.0,0.0
0.31568940979366467,0.1317858095678549,22.647206542306964,32.35412032965307,21.727501683473054,-1.3847430999298267,-0.9690581049949949,-0.13599625419795075,1.0,1.0,0.0,0.0
1.4257837110321632,12.1408629206891,10.409312277496534,35.70624838424028,29.71282492664333,1.3928636169920217,-0.6787436885431889,-0.8830519932885472,25.0,25.0,0.0,0.0
0.8830530750017829,2.8843571221446855,8.608128373646716,5.6804087973854545,8.672712061522068,-0.6048321647995509,0.8503758706111149,-0.6499859317348439,9.0,9.0,0.0,0.0
0.48538321068810064,0.4790081024374256,24.974977428788126,28.489621019073102,41.91901305788536,0.5371643249934615,-1.217498491209225,1.467471006204175,2.0,2.0,0.0,0.0
0.6995314990796608,1.4338721660361515,21.874808955988662,24.69320253060871,39.95840976870809,-0.9743956124835041,-0.9915925619442201,1.9479661698679103,6.0,5.0,1.0,0.0
1.5473190697305814,15.517731862194733,48.591033543631355,32.76559876201122,16.468252886411967,-1.1060425768096718,0.8858180135273629,0.19928968304653857,30.0,30.0,0.0,0.0
0.9656580919537416,3.7718877659367123,23.539323140554234,46.27749095901969,37.31283698289404,-0.6158443975584792,0.2831745709292368,-1.0008155253824522,11.0,11.0,0.0,0.0
0.5778507150304408,0.8082311309672658,15.059499106430206,9.79786840394506,8.415318673730471,-0.3865994489868456,0.1813948971674169,-1.5775959434306621,4.0,4.0,0.0,0.0
0.4435470000635238,0.3655169725958442,19.740071727764782,11.009333647636884,4.0833107320596636,0.44589172922309206,1.083519049552045,-0.04420178107788792,2.0,2.0,0.0,0.0
1.1797575590015985,6.8780751286372555,39.01982701715544,44.59933650454238,33.1766090839452,0.2446550034828488,0.43240578389766,-0.920333033851457,17.0,17.0,0.0,0.0
0.846964573378399,2.5449798301549458,0.5791281754461154,49.50425682204463,7.8458591017046295,-0.532846124020342,1.5813855465544269,-1.0672278452583175,9.0,9.0,0.0,0.0
1.0664388541388743,5.080383396775805,18.596793338241735,15.418537701720542,34.675739374845875,-0.708213096578976,-0.01292984593602197,-1.2336012694913019,14.0,14.0,0.0,0.0
1.3204288457229665,9.643476334006344,41.98222692499311,23.89401298653185,46.53761670366801,0.5140375044524419,-1.5643433494072472,0.6893716571406746,21.0,21.0,0.0,0.0
0.43128316211873374,0.3360285039347051,12.887720444838685,40.05433441624165,30.60231415953419,-1.0128309675463998,-0.806557901909981,0.07379347425830028,2.0,2.0,0.0,0.0
0.33209122318937373,0.15341251961606775,4.197242360053498,3.634112496121507,45.11059577064592,-1.1731134839215525,0.01250328129093476,1.0548145316303315,1.0,1.0,0.0,0.0
1.2260594001619074,7.720103868788641,12.18316936119766,9.638657275291804,11.70125180673317,-0.5993191440846545,-1.8262456711573032,0.46003862283338254,18.0,18.0,0.0,0.0
0.4070326297915306,0.2824725736525919,41.9638851386903,22.56456772735995,22.441052893821002,-0.23510810528754936,-1.0240018966895292,-0.8282729840937852,2.0,2.0,0.0,0.0
